MFEM mesh v1.0

#
# MFEM Geometry Types (see mesh/geom.hpp):
#
# POINT       = 0
# SEGMENT     = 1
# TRIANGLE    = 2
# SQUARE      = 3
# TETRAHEDRON = 4
# CUBE        = 5
# PRISM       = 6
# PYRAMID     = 7
#

dimension
3

elements
56
1 5 0 26 77 29 34 78 110 81
1 5 26 1 27 77 78 35 79 110
1 5 77 27 4 28 110 79 36 80
1 5 29 77 28 3 81 110 80 37
1 5 34 78 110 81 9 30 82 33
1 5 78 35 79 110 30 10 31 82
1 5 110 79 36 80 82 31 13 32
1 5 81 110 80 37 33 82 32 12
1 5 3 28 83 40 37 80 111 86
1 5 28 4 38 83 80 36 84 111
1 5 83 38 7 39 111 84 44 85
1 5 40 83 39 6 86 111 85 45
1 5 37 80 111 86 12 32 87 43
1 5 80 36 84 111 32 13 41 87
1 5 111 84 44 85 87 41 16 42
1 5 86 111 85 45 43 87 42 15
1 5 2 46 88 48 52 89 112 91
1 5 46 3 40 88 89 37 86 112
1 5 88 40 6 47 112 86 45 90
1 5 48 88 47 5 91 112 90 53
1 5 52 89 112 91 11 49 92 51
1 5 89 37 86 112 49 12 43 92
1 5 112 86 45 90 92 43 15 50
1 5 91 112 90 53 51 92 50 14
1 5 11 49 92 51 58 93 113 96
1 5 49 12 43 92 93 59 94 113
1 5 92 43 15 50 113 94 60 95
1 5 51 92 50 14 96 113 95 61
1 5 58 93 113 96 20 54 97 57
1 5 93 59 94 113 54 21 55 97
1 5 113 94 60 95 97 55 24 56
1 5 96 113 95 61 57 97 56 23
1 5 12 32 87 43 59 98 114 94
1 5 32 13 41 87 98 65 99 114
1 5 87 41 16 42 114 99 66 100
1 5 43 87 42 15 94 114 100 60
1 5 59 98 114 94 21 62 101 55
1 5 98 65 99 114 62 22 63 101
1 5 114 99 66 100 101 63 25 64
1 5 94 114 100 60 55 101 64 24
1 5 9 30 82 33 70 102 115 104
1 5 30 10 31 82 102 71 103 115
1 5 82 31 13 32 115 103 65 98
1 5 33 82 32 12 104 115 98 59
1 5 70 102 115 104 18 67 105 69
1 5 102 71 103 115 67 19 68 105
1 5 115 103 65 98 105 68 22 62
1 5 104 115 98 59 69 105 62 21
1 5 8 72 106 73 76 107 116 108
1 5 72 9 33 106 107 70 104 116
1 5 106 33 12 49 116 104 59 93
1 5 73 106 49 11 108 116 93 58
1 5 76 107 116 108 17 74 109 75
1 5 107 70 104 116 74 18 69 109
1 5 116 104 59 93 109 69 21 54
1 5 108 116 93 58 75 109 54 20

boundary
96
1 3 5 47 88 48
1 3 47 6 40 88
1 3 88 40 3 46
1 3 48 88 46 2
2 3 6 39 83 40
2 3 39 7 38 83
2 3 83 38 4 28
2 3 40 83 28 3
3 3 3 28 77 29
3 3 28 4 27 77
3 3 77 27 1 26
3 3 29 77 26 0
4 3 11 49 106 73
4 3 49 12 33 106
4 3 106 33 9 72
4 3 73 106 72 8
5 3 2 46 89 52
5 3 46 3 37 89
5 3 89 37 12 49
5 3 52 89 49 11
6 3 0 26 78 34
6 3 26 1 35 78
6 3 78 35 10 30
6 3 34 78 30 9
7 3 9 30 102 70
7 3 30 10 71 102
7 3 102 71 19 67
7 3 70 102 67 18
8 3 8 72 107 76
8 3 72 9 70 107
8 3 107 70 18 74
8 3 76 107 74 17
9 3 1 27 79 35
9 3 27 4 36 79
9 3 79 36 13 31
9 3 35 79 31 10
10 3 4 38 84 36
10 3 38 7 44 84
10 3 84 44 16 41
10 3 36 84 41 13
11 3 13 41 99 65
11 3 41 16 66 99
11 3 99 66 25 63
11 3 65 99 63 22
12 3 10 31 103 71
12 3 31 13 65 103
12 3 103 65 22 68
12 3 71 103 68 19
13 3 7 39 85 44
13 3 39 6 45 85
13 3 85 45 15 42
13 3 44 85 42 16
14 3 6 47 90 45
14 3 47 5 53 90
14 3 90 53 14 50
14 3 45 90 50 15
15 3 15 50 95 60
15 3 50 14 61 95
15 3 95 61 23 56
15 3 60 95 56 24
16 3 16 42 100 66
16 3 42 15 60 100
16 3 100 60 24 64
16 3 66 100 64 25
17 3 5 48 91 53
17 3 48 2 52 91
17 3 91 52 11 51
17 3 53 91 51 14
18 3 3 29 81 37
18 3 29 0 34 81
18 3 81 34 9 33
18 3 37 81 33 12
19 3 11 73 108 58
19 3 73 8 76 108
19 3 108 76 17 75
19 3 58 108 75 20
20 3 14 51 96 61
20 3 51 11 58 96
20 3 96 58 20 57
20 3 61 96 57 23
21 3 17 74 109 75
21 3 74 18 69 109
21 3 109 69 21 54
21 3 75 109 54 20
22 3 18 67 105 69
22 3 67 19 68 105
22 3 105 68 22 62
22 3 69 105 62 21
23 3 21 62 101 55
23 3 62 22 63 101
23 3 101 63 25 64
23 3 55 101 64 24
24 3 20 54 97 57
24 3 54 21 55 97
24 3 97 55 24 56
24 3 57 97 56 23

vertices
117
3
0 -1 -1
1 -1 -1
-1 0 -1
0 0 -1
1 0 -1
-1 1 -1
0 1 -1
1 1 -1
-1 -1 0
0 -1 0
1 -1 0
-1 0 0
0 0 0
1 0 0
-1 1 0
0 1 0
1 1 0
-1 -1 1
0 -1 1
1 -1 1
-1 0 1
0 0 1
1 0 1
-1 1 1
0 1 1
1 1 1
0.5 -1 -1
1 -0.5 -1
0.5 0 -1
0 -0.5 -1
0.5 -1 0
1 -0.5 0
0.5 0 0
0 -0.5 0
0 -1 -0.5
1 -1 -0.5
1 0 -0.5
0 0 -0.5
1 0.5 -1
0.5 1 -1
0 0.5 -1
1 0.5 0
0.5 1 0
0 0.5 0
1 1 -0.5
0 1 -0.5
-0.5 0 -1
-0.5 1 -1
-1 0.5 -1
-0.5 0 0
-0.5 1 0
-1 0.5 0
-1 0 -0.5
-1 1 -0.5
-0.5 0 1
0 0.5 1
-0.5 1 1
-1 0.5 1
-1 0 0.5
0 0 0.5
0 1 0.5
-1 1 0.5
0.5 0 1
1 0.5 1
0.5 1 1
1 0 0.5
1 1 0.5
0.5 -1 1
1 -0.5 1
0 -0.5 1
0 -1 0.5
1 -1 0.5
-0.5 -1 0
-1 -0.5 0
-0.5 -1 1
-1 -0.5 1
-1 -1 0.5
0.5 -0.5 -1
0.5 -1 -0.5
1 -0.5 -0.5
0.5 0 -0.5
0 -0.5 -0.5
0.5 -0.5 0
0.5 0.5 -1
1 0.5 -0.5
0.5 1 -0.5
0 0.5 -0.5
0.5 0.5 0
-0.5 0.5 -1
-0.5 0 -0.5
-0.5 1 -0.5
-1 0.5 -0.5
-0.5 0.5 0
-0.5 0 0.5
0 0.5 0.5
-0.5 1 0.5
-1 0.5 0.5
-0.5 0.5 1
0.5 0 0.5
1 0.5 0.5
0.5 1 0.5
0.5 0.5 1
0.5 -1 0.5
1 -0.5 0.5
0 -0.5 0.5
0.5 -0.5 1
-0.5 -0.5 0
-0.5 -1 0.5
-1 -0.5 0.5
-0.5 -0.5 1
0.5 -0.5 -0.5
0.5 0.5 -0.5
-0.5 0.5 -0.5
-0.5 0.5 0.5
0.5 0.5 0.5
0.5 -0.5 0.5
-0.5 -0.5 0.5
